300.00000000000000        4.2611701034675376
900.00000000000000        4.6930529575783027
1500.0000000000000        5.0794838225624419
2100.0000000000000        5.4182412239505151
2700.0000000000000        5.7077799590573672
3300.0000000000000        5.9472009581751806
3900.0000000000000        6.1362081017626346
4500.0000000000000        6.2750547125082301
5100.0000000000000        6.3644826270299770
5700.0000000000000        6.4056567861120506
6300.0000000000000        6.4000981725968948
6900.0000000000000        6.3496176879722714
7500.0000000000000        6.2562532145212453
8100.0000000000000        6.1222116868262271
8700.0000000000000        5.9498175247486627
9300.0000000000000        5.7414682911764636
9900.0000000000000        5.4995979623766473
10500.000000000000        5.2266477644443539
11100.000000000000        4.9250441593621961
11700.000000000000        4.5971832760342766
12300.000000000000        4.2454208860750757
12900.000000000000        3.8720669246924206
13500.000000000000        3.4793835501664296
14100.000000000000        3.0695858110666365